 536635
  55934
   7350
 213280
 944628
 603172
 726964
 881754
 762007
 346190
 188061
1010333
 551513
 389181
 251833
 346190
 208803
 717297
 790991
 179468
 834653
 824801
 126606
 278051
 246418
 982344
1015072
  44678
 993819
 887363
 431624
 416551
 465609
 478885
 500804
 940217
 737815
  40390
 316644
 363490
 420112
 497458
 436625
 328184
 809891
 431624
 922727
 799627
 639988
  66696
 109777
 571887
 163204
 536260
 630343
  23542
 902264
 583056
 261591
 295385
 594619
 809891
 479873
 466117
 136280
 889486
 409039
 898469
1000034
 916380
   7350
 668478
 645012
 889788
 274395
 653230
 889486
 889486
 993819
 789548
 821133
 447026
 726964
 163204
 274395
 515856
 260971
  44678
 400938
 726964
 993795
 478893
 594619
 409652
 386517
1010333
 697310
 661804
 283609
 633377
 189656
 479873
 388692
 925585
 894212
 705927
 644387
 834653
  66696
 436625
 705927
1019290
 300483
 594619
 961816
 982344
 201520
 243777
 881754
 446907
  44678
  23542
 189656
  30721
 776073
 551513
 554175
 581531
 653230
 799657
 749250
 889486
 842260
 420112
 478885
 390049
  40390
 543047
 431624
 478885
 135357
 164348
 242658
 665273
1019290
1010333
    308
 858821
  13440
 668478
  35633
 260971
 647962
 417791
 352975
 428491
 101241
 922235
 406348
 762007
 409652
 163204
 925585
 828109
 188513
 834653
 273151
 665273
 417791
 500804
 889486
 984526
 126606
 225288
 338413
 726964
 805699
  66696
 159201
  30721
 799627
 603172
 543047
 481934
 828109
 146117
 189656
 881754
 644387
 164348
 486056
 630343
 135216
 478893
 346190
 288293
 906148
  30721
 264626
 922235
 377561
1029306
  68987
 188513
 243777
 723528
 945007
 147138
 409652
 726964
  13440
 188061
 993819
 824801
 783067
 146117
 824801
 106062
 842260
 855075
 188513
 821133
 866710
 790991
 881754
 922235
 539711
 749250
 663622
 872263
 409652
 783067
 135216
 431624
 571887
 126606
 553725
 663622
 417791
 628343
 922727
 267496
 809891
 398686
 909656
 947511
 287537
  20125
  55934
 776073
 828109
 135216
 776073
 982344
 799627
 571887
1016865
