1110001101001010
0001010101100001
0000101110111111
1100000001100001
1101111001011001
0000110001000001
0000110001111110
0000110001010110
0100101011001111
0010101011100111
1101000011100100
0000100101000100
1111001100100111
1100011011010101
1110110001100110
0010101101110000
1111010000001011
0000001111100000
0011000001101000
1111001110101101
0100010100100111
0001010101100111
1110001110110101
1111111000100001
0010000100111010
0001011110000111
0001011101001010
0101100111011100
1110000111001010
1100100111000111
1100101010000111
0000101010001111
1110000111000001
1100001111011011
1100001101010001
0011111101110101
0111111011001010
0110100001011110
1010110000001101
0010110001001010
1110111101001110
0100000100000001
1111010001011100
1101101010110100
1111010110101001
1101000001000100
1010101010100110
0110000101101101
0011111011010111
1111001111010110
1111111011101011
1111010101011101
1101101110100110
0000111001100111
0011101100100101
0001010101011100
1111010100101101
0001101111100000
0001010101110110
1110101011001110
0010110001001010
1110111101001110
0100000100000001
1111010000001011
