1110101011001100
1001100110000100
0111100100100111
1111101010101001
1010001011100110
0010100101011001
1000001111010111
1010111111101100
0000001110100101
0100101000111000
0100101001011110
1110100001111011
1111101001100100
0111010100110101
1101111101100100
0101100111000000
1001110101111000
0111011101010110
0001001101110000
0011000100111001
1111011001011111
1000100101101000
1101000100101101
1101110110110001
1110000001001111
0101000111010000
1011101101011000
1111011111011010
0111110000001111
0010110101001001
0001111110101100
1011111111001101
0110111100110111
1000101100101010
1011111101111010
0101000000110000
1101000101011101
1100101011010100
0001101110110001
1001110000111001
0001101000111000
0111010101001100
1011110000111101
1101100100101010
1100100001100101
0111101111010111
0010000001000111
1111110000001101
1101101001011011
1000100101111010
1100001110101100
0110111010100110
1111100101000101
1011100100101010
0001010000100000
0011011001000100
1010100111011100
1111001011111000
1010111001111110
0101101000100111
1010011011100001
0100111110101101
1001111111110101
1011011100111011
0101011111100000
1111000100110000
1000001111011000
0100001011010000
1001111111010101
1111111011111110
0100100000110111
0001111001011101
0000111011010001
1111101101011010
0111000001101111
1110011110001110
1110110001001010
1000101000101101
0000001100111010
1001011101110100
0011001110110101
0110100000000001
1111110101101110
0110100011001011
0101111011001111
1010001101001110
0101000100110111
1001011001111100
0001100110001100
1010101011001110
0100101011100101
0111011001001001
1111100110111010
0001101010100001
1111011000101110
1011100010101001
1010110101110001
0001101010100001
1111011000101110
1011100010101001

