253.526428
-152.877075
-7756.514267
8711.166412
-5346.098679
625.663040
131.899384
-11841.113632
4547.440872
-12590.236755
-2469.594101
11576.888611
-1729.150757
-8454.107590
5772.640488
-6508.219894
-3301.630524
-10514.551651
49026.659821
-11239.850479
-1416.275299
5596.152618
-21145.323730
-1671.407669
21377.300629
8286.332550
15904.265030
-33146.965866
-6160.678757
19892.900482
-19523.020218
5107.174698
-25051.072830
9171.276230
-13740.859543
9603.730164
5408.894882
11290.093658
256.044235
15088.625961
-8317.261292
64289.884430
-44701.775314
-33516.416077
14508.713654
6504.518784
-3848.701202
-8971.688690
-30005.857346
-46978.139069
-178.485062
38618.333221
-20879.199554
-398.905060
37311.025009
1559.099289
65863.588043
9493.268463
-35281.171280
-44065.867386
17070.791718
-15800.813629
-14299.132034
-30350.670532
9061.918549
-22041.189636
-16507.164230
60562.761627
20154.175278
-36650.965027
-12304.836639
3534.679001
4218.502014
43126.842422
7066.457047
-21748.763535
-54928.076935
25335.972900
-34224.401108
1665.279556
4283.228226
1351.340851
-20045.737793
72080.699509
-26797.424881
-23367.153656
16609.455475
27301.529190
-44222.753952
12257.450150
1891.642029
15357.098495
-36678.367722
12128.541626
-23268.814026
-24846.494400
40433.374130
29545.726822
-5691.752640
13246.337143
