  55934
 913370
 106062
 236034
 858011
 295385
 952140
 817495
 581531
 352975
 430067
 663622
 420112
  13440
 189656
 656684
 809864
 220423
 126691
 488435
 852048
 242658
 141427
 594619
 164348
 653230
 790991
   7350
 857031
 947511
 647962
 511368
 576891
 163204
 179468
1029306
 665273
 982344
 465913
 202128
 583056
  39421
 274395
 538478
 251833
 809891
 117582
 945007
 699290
 596105
 456629
  68987
 909656
 889486
 407720
 402569
 987308
 478885
 678945
1010333
  23542
 168361
 313511
1028979
 596854
 225288
1000034
 377561
 398686
 925585
 188272
 546963
 603172
 409039
 894212
 554175
 188061
 188513
 243777
 436625
  75052
1015072
 994201
  30721
 346190
 240270
 107142
 468364
 571659
 500804
 691604
 993819
 416551
 126606
 876153
 406348
 390049
 834653
 278051
 135357
 417791
 758051
 532985
 603579
 135216
 828109
 726964
 526385
  32568
 783067
 143588
 363490
 601063
 842260
 483270
 312518
 400938
 644387
 571887
 805699
 850054
1016865
 228041
 768556
  20125
 536260
 476483
 306466
  66696
 668478
  16567
 612792
 553725
 904193
 389181
 431624
 628343
  35633
 630343
 944628
 993795
 208803
 109777
 486056
 872263
 581462
 481934
 134190
 159201
 633377
 482283
 260971
1019290
  40390
 918387
 293789
 902264
 267496
  92664
 172915
 386517
 645012
 478893
 543047
 326671
 697310
 957699
 799657
 388692
 604028
 300483
 887363
 804976
 465609
  44678
 497458
 648545
 855075
 132606
 858821
 261591
 984526
 101241
 898469
 705927
 996069
 906148
 639988
 479873
 193125
 816680
 246418
 283609
 723528
1001348
 852865
 799627
 866710
 367368
 446907
 661804
 287537
 136280
1000107
 447026
 605691
    308
 717297
 681931
 749250
 776073
 590138
 201520
 281517
 930974
 292317
 515856
 428491
 916380
 536978
  77519
 146117
 338413
 328184
 273151
 147138
 789548
 115632
 316644
 922727
 213280
 593923
 821133
 288293
 961816
 922235
 508230
 409652
 762007
 824801
 512976
 162624
 466117
 314780
 264626
 737815
 168102
 940217
 919124
1000544
 551513
 539711
 881754
 889788
 536635
