177,
 28,
231,
140,
 73,
107,
253,
239,
 85,
 77,
 60,
251,
135,
 45,
 85,
142,
208,
 27,
 35,
 98,
240,
 94,
 99,
192,
 38,
 82,
175,
 92,
172,
136,
 93,
174,
 58,
 90,
248,
246,
154,
229,
112,
 13,
176,
 80,
224,
 46,
136,
230,
197,
188,
129,
143,
119,
 34,
126,
139,
 61,
157,
 41,
181,
  6,
 24,
 46,
189,
243,
203,
 54,
 74,
184,
 67,
219,
 28,
130,
162,
254,
 43,
 26,
 54,
 54,
 92,
227,
233,
205,
107,
 34,
 43,
217,
152,
175,
117,
107,
141,
163,
 24,
238,
161,
 60,
166,
201,
193,
150,
 15,
189,
169,
 70,
 75,
185,
118,
 98,
129,
 80,
185,
153,
171,
 24,
235,
 38,
213,
 79,
253,
200,
175,
 61,
 15,
 84,
211,
251,
 76,
  9,
 26,
168,
210,
 54,
114,
 13,
 58,
 97,
154,
164,
136,
 58,
100,
 25,
 22,
 37,
153,
 60,
207,
180,
 14,
130,
138,
152,
 31,
101,
 10,
218,
183,
236,
 96,
239,
238,
 34,
 70,
106,
 78,
 98,
225,
 37,
101,
 90,
 54,
182,
 94,
 66,
223,
107,
120,
129,
149,
 84,
197,
 73,
164,
147,
106,
222,
 15,
253,
118,
 25,
144,
139,
105,
163,
 85,
234,
187,
 84,
245,
236,
 68,
 36,
 52,
 78,
 79,
194,
 48,
226,
238,
107,
 14,
 77,
 92,
240,
110,
222,
240,
  3,
114,
178,
 78,
233,
198,
 27,
253,
236,
252,
210,
 12,
145,
238,
110,
105,
136,
119,
 94,
133,
 12,
101,
137,
230,
158,
 46,
 69,
 53,
 30,
202,
125,
  1,
211,
106,
105,
211,
 38,
197,
119,
122,
221,
